$MeshFormat
4.1 0 8
$EndMeshFormat
$Entities
8 12 6 1
1 0 -0.1 4.7 0 
2 0 -0.1 -0.3 0 
3 0 4.9 4.7 0 
4 0 4.9 -0.3 0 
5 5 -0.1 4.7 0 
6 5 -0.1 -0.3 0 
7 5 4.9 4.7 0 
8 5 4.9 -0.3 0 
1 -1e-07 -0.1000001 -0.3000001000000001 1e-07 -0.0999999 4.7000001 0 2 2 -1 
2 -1e-07 -0.1000000999999999 4.6999999 1e-07 4.900000100000001 4.7000001 0 2 1 -3 
3 -1e-07 4.8999999 -0.3000001000000001 1e-07 4.900000100000001 4.7000001 0 2 4 -3 
4 -1e-07 -0.1000000999999999 -0.3000001 1e-07 4.900000100000001 -0.2999999 0 2 2 -4 
5 4.9999999 -0.1000001 -0.3000001000000001 5.0000001 -0.0999999 4.7000001 0 2 6 -5 
6 4.9999999 -0.1000000999999999 4.6999999 5.0000001 4.900000100000001 4.7000001 0 2 5 -7 
7 4.9999999 4.8999999 -0.3000001000000001 5.0000001 4.900000100000001 4.7000001 0 2 8 -7 
8 4.9999999 -0.1000000999999999 -0.3000001 5.0000001 4.900000100000001 -0.2999999 0 2 6 -8 
9 -9.999999983634211e-08 -0.1000001 -0.3000001 5.0000001 -0.0999999 -0.2999999 0 2 2 -6 
10 -9.999999983634211e-08 -0.1000001 4.6999999 5.0000001 -0.0999999 4.7000001 0 2 1 -5 
11 -9.999999983634211e-08 4.8999999 -0.3000001 5.0000001 4.900000100000001 -0.2999999 0 2 4 -8 
12 -9.999999983634211e-08 4.8999999 4.6999999 5.0000001 4.900000100000001 4.7000001 0 2 3 -7 
1 -1e-07 -0.1000000999999999 -0.3000001000000001 1e-07 4.900000100000001 4.7000001 0 4 -1 4 3 -2 
2 4.9999999 -0.1000000999999999 -0.3000001000000001 5.0000001 4.900000100000001 4.7000001 0 4 -5 8 7 -6 
3 -9.999999983634211e-08 -0.1000001 -0.3000001000000001 5.0000001 -0.0999999 4.7000001 0 4 -9 1 10 -5 
4 -9.999999983634211e-08 4.8999999 -0.3000001000000001 5.0000001 4.900000100000001 4.7000001 0 4 -11 3 12 -7 
5 -9.999999983634211e-08 -0.1000000999999999 -0.3000001 5.0000001 4.900000100000001 -0.2999999 0 4 -4 9 8 -11 
6 -9.999999983634211e-08 -0.1000000999999999 4.6999999 5.0000001 4.900000100000001 4.7000001 0 4 -2 10 6 -12 
1 -9.999999983634211e-08 -0.1000000999999999 -0.3000001000000001 5.0000001 4.900000100000001 4.7000001 0 6 -1 2 -3 4 -5 6 
$EndEntities
$Nodes
27 81 1 81
0 1 0 1
1
0 -0.1 4.7
0 2 0 1
2
0 -0.1 -0.3
0 3 0 1
3
0 4.9 4.7
0 4 0 1
4
0 4.9 -0.3
0 5 0 1
5
5 -0.1 4.7
0 6 0 1
6
5 -0.1 -0.3
0 7 0 1
7
5 4.9 4.7
0 8 0 1
8
5 4.9 -0.3
1 1 0 2
9
10
0 -0.1 1.366666666666662
0 -0.1 3.033333333333331
1 2 0 2
11
12
0 1.566666666666662 4.7
0 3.233333333333331 4.7
1 3 0 2
13
14
0 4.9 1.366666666666662
0 4.9 3.033333333333331
1 4 0 2
15
16
0 1.566666666666662 -0.3
0 3.233333333333331 -0.3
1 5 0 2
17
18
5 -0.1 1.366666666666662
5 -0.1 3.033333333333331
1 6 0 2
19
20
5 1.566666666666662 4.7
5 3.233333333333331 4.7
1 7 0 2
21
22
5 4.9 1.366666666666662
5 4.9 3.033333333333331
1 8 0 2
23
24
5 1.566666666666662 -0.3
5 3.233333333333331 -0.3
1 9 0 2
25
26
1.666666666666662 -0.1 -0.3
3.333333333333331 -0.1 -0.3
1 10 0 2
27
28
1.666666666666662 -0.1 4.7
3.333333333333331 -0.1 4.7
1 11 0 2
29
30
1.666666666666662 4.9 -0.3
3.333333333333331 4.9 -0.3
1 12 0 2
31
32
1.666666666666662 4.9 4.7
3.333333333333331 4.9 4.7
2 1 0 8
33
34
35
36
37
38
39
40
0 2.399999999999997 1.207238075650764
0 2.399999999999996 3.214333106594467
0 3.662800408580523 2.20359519704087
0 1.137199591419475 2.20359519704087
0 1.111598774258428 3.48840122574157
0 3.688401225741571 3.488401225741572
0 1.111598774258427 0.9115987742584262
0 3.688401225741572 0.9115987742584255
2 2 0 8
41
42
43
44
45
46
47
48
5 2.399999999999997 1.207238075650764
5 2.399999999999996 3.214333106594467
5 3.662800408580523 2.20359519704087
5 1.137199591419475 2.20359519704087
5 1.111598774258429 3.48840122574157
5 3.688401225741571 3.488401225741571
5 1.111598774258426 0.9115987742584262
5 3.688401225741572 0.9115987742584248
2 3 0 8
49
50
51
52
53
54
55
56
2.499999999999997 -0.1 1.207238075650764
2.499999999999996 -0.1 3.214333106594467
3.762800408580523 -0.1 2.20359519704087
1.237199591419475 -0.1 2.20359519704087
1.211598774258428 -0.1 3.48840122574157
1.211598774258426 -0.1 0.9115987742584262
3.788401225741571 -0.1 3.488401225741571
3.788401225741573 -0.1 0.9115987742584251
2 4 0 8
57
58
59
60
61
62
63
64
1.488991674885992 4.9 2.199999999999997
3.513383169028621 4.9 2.199999999999997
2.500395807319101 4.9 3.462800408580523
2.500395807319101 4.9 0.9371995914194746
3.78840122574157 4.9 0.9115987742584288
3.788401225741572 4.9 3.488401225741572
1.211598774258426 4.9 0.9115987742584262
1.211598774258425 4.9 3.488401225741574
2 5 0 8
65
66
67
68
69
70
71
72
1.507238075650764 2.399999999999997 -0.3
3.514333106594467 2.399999999999996 -0.3
2.50359519704087 3.662800408580523 -0.3
2.50359519704087 1.137199591419475 -0.3
3.78840122574157 1.111598774258428 -0.3
3.788401225741571 3.688401225741571 -0.3
1.211598774258426 1.111598774258426 -0.3
1.211598774258425 3.688401225741573 -0.3
2 6 0 8
73
74
75
76
77
78
79
80
2.499999999999997 1.407238075650764 4.7
2.499999999999996 3.414333106594467 4.7
3.762800408580523 2.40359519704087 4.7
1.237199591419475 2.40359519704087 4.7
1.211598774258428 3.68840122574157 4.7
3.788401225741572 3.688401225741571 4.7
1.211598774258427 1.111598774258426 4.7
3.788401225741572 1.111598774258425 4.7
3 1 0 1
81
2.732661057866212 2.167338942133791 2.210785591122616
$EndNodes
$Elements
27 384 1 384
0 1 15 1
1 1 
0 2 15 1
2 2 
0 3 15 1
3 3 
0 4 15 1
4 4 
0 5 15 1
5 5 
0 6 15 1
6 6 
0 7 15 1
7 7 
0 8 15 1
8 8 
1 1 1 3
9 2 9 
10 9 10 
11 10 1 
1 2 1 3
12 1 11 
13 11 12 
14 12 3 
1 3 1 3
15 4 13 
16 13 14 
17 14 3 
1 4 1 3
18 2 15 
19 15 16 
20 16 4 
1 5 1 3
21 6 17 
22 17 18 
23 18 5 
1 6 1 3
24 5 19 
25 19 20 
26 20 7 
1 7 1 3
27 8 21 
28 21 22 
29 22 7 
1 8 1 3
30 6 23 
31 23 24 
32 24 8 
1 9 1 3
33 2 25 
34 25 26 
35 26 6 
1 10 1 3
36 1 27 
37 27 28 
38 28 5 
1 11 1 3
39 4 29 
40 29 30 
41 30 8 
1 12 1 3
42 3 31 
43 31 32 
44 32 7 
2 1 2 26
45 10 1 37 
46 1 11 37 
47 2 9 39 
48 15 2 39 
49 12 3 38 
50 3 14 38 
51 13 4 40 
52 4 16 40 
53 9 10 36 
54 9 36 39 
55 36 10 37 
56 11 12 34 
57 11 34 37 
58 34 12 38 
59 14 13 35 
60 35 13 40 
61 14 35 38 
62 16 15 33 
63 33 15 39 
64 16 33 40 
65 33 34 35 
66 34 33 36 
67 33 35 40 
68 36 33 39 
69 35 34 38 
70 34 36 37 
2 2 2 26
71 18 45 5 
72 5 45 19 
73 6 47 17 
74 23 47 6 
75 20 46 7 
76 7 46 22 
77 21 48 8 
78 8 48 24 
79 17 44 18 
80 17 47 44 
81 44 45 18 
82 19 42 20 
83 19 45 42 
84 42 46 20 
85 22 43 21 
86 43 48 21 
87 22 46 43 
88 24 41 23 
89 41 47 23 
90 24 48 41 
91 41 43 42 
92 42 44 41 
93 41 48 43 
94 44 47 41 
95 43 46 42 
96 42 45 44 
2 3 2 26
97 1 10 53 
98 27 1 53 
99 9 2 54 
100 2 25 54 
101 18 5 55 
102 5 28 55 
103 6 17 56 
104 26 6 56 
105 10 9 52 
106 52 9 54 
107 10 52 53 
108 17 18 51 
109 17 51 56 
110 51 18 55 
111 25 26 49 
112 25 49 54 
113 49 26 56 
114 28 27 50 
115 50 27 53 
116 28 50 55 
117 50 49 51 
118 49 50 52 
119 51 49 56 
120 49 52 54 
121 50 51 55 
122 52 50 53 
2 4 2 26
123 3 64 14 
124 31 64 3 
125 13 63 4 
126 4 63 29 
127 22 62 7 
128 7 62 32 
129 8 61 21 
130 30 61 8 
131 14 57 13 
132 57 63 13 
133 14 64 57 
134 21 58 22 
135 21 61 58 
136 58 62 22 
137 29 60 30 
138 29 63 60 
139 60 61 30 
140 32 59 31 
141 59 64 31 
142 32 62 59 
143 57 59 58 
144 58 60 57 
145 57 64 59 
146 60 63 57 
147 59 62 58 
148 58 61 60 
2 5 2 26
149 2 15 71 
150 25 2 71 
151 16 4 72 
152 4 29 72 
153 23 6 69 
154 6 26 69 
155 8 24 70 
156 30 8 70 
157 15 16 65 
158 15 65 71 
159 65 16 72 
160 24 23 66 
161 66 23 69 
162 24 66 70 
163 26 25 68 
164 68 25 71 
165 26 68 69 
166 29 30 67 
167 29 67 72 
168 67 30 70 
169 66 65 67 
170 65 66 68 
171 67 65 72 
172 65 68 71 
173 66 67 70 
174 68 66 69 
2 6 2 26
175 1 79 11 
176 27 79 1 
177 12 77 3 
178 3 77 31 
179 19 80 5 
180 5 80 28 
181 7 78 20 
182 32 78 7 
183 11 76 12 
184 11 79 76 
185 76 77 12 
186 20 75 19 
187 75 80 19 
188 20 78 75 
189 28 73 27 
190 73 79 27 
191 28 80 73 
192 31 74 32 
193 31 77 74 
194 74 78 32 
195 73 75 74 
196 74 76 73 
197 73 80 75 
198 76 79 73 
199 75 78 74 
200 74 77 76 
3 1 4 184
201 72 67 60 81 
202 72 63 40 81 
203 72 60 63 81 
204 64 77 38 81 
205 61 60 67 81 
206 38 35 57 81 
207 77 76 34 81 
208 61 67 70 81 
209 57 64 38 81 
210 36 52 54 81 
211 33 72 40 81 
212 52 36 37 81 
213 40 35 33 81 
214 77 34 38 81 
215 38 34 35 81 
216 63 60 57 81 
217 57 59 64 81 
218 39 36 54 81 
219 71 39 54 81 
220 70 48 61 81 
221 52 37 53 81 
222 79 53 37 81 
223 62 46 78 81 
224 65 67 72 81 
225 77 74 76 81 
226 33 65 72 81 
227 62 74 59 81 
228 34 76 79 81 
229 71 33 39 81 
230 34 79 37 81 
231 78 74 62 81 
232 43 58 48 81 
233 46 58 43 81 
234 61 58 60 81 
235 58 61 48 81 
236 39 33 36 81 
237 62 59 58 81 
238 68 71 49 81 
239 62 58 46 81 
240 36 34 37 81 
241 75 78 42 81 
242 54 49 71 81 
243 70 41 48 81 
244 67 66 70 81 
245 68 56 69 81 
246 50 53 79 81 
247 78 46 42 81 
248 76 73 79 81 
249 68 65 71 81 
250 33 71 65 81 
251 47 69 56 81 
252 44 56 51 81 
253 44 51 45 81 
254 55 80 45 81 
255 75 74 78 81 
256 56 44 47 81 
257 51 55 45 81 
258 52 49 54 81 
259 43 48 41 81 
260 52 53 50 81 
261 42 46 43 81 
262 33 35 34 81 
263 41 70 66 81 
264 79 73 50 81 
265 68 49 56 81 
266 58 57 60 81 
267 75 42 80 81 
268 59 57 58 81 
269 34 36 33 81 
270 66 69 47 81 
271 55 73 80 81 
272 80 42 45 81 
273 68 69 66 81 
274 75 80 73 81 
275 67 65 66 81 
276 73 76 74 81 
277 47 41 66 81 
278 73 55 50 81 
279 68 66 65 81 
280 74 75 73 81 
281 49 51 56 81 
282 41 47 44 81 
283 44 45 42 81 
284 50 55 51 81 
285 50 49 52 81 
286 43 41 42 81 
287 50 51 49 81 
288 42 41 44 81 
289 17 51 44 56 
290 9 54 36 52 
291 60 72 29 67 
292 44 51 18 45 
293 36 37 10 52 
294 60 30 61 67 
295 33 72 16 40 
296 70 41 24 48 
297 55 73 28 80 
298 71 39 33 15 
299 66 23 47 69 
300 79 53 50 27 
301 44 17 56 47 
302 54 39 9 36 
303 63 72 29 60 
304 51 18 45 55 
305 30 70 61 67 
306 37 53 10 52 
307 40 63 13 35 
308 31 77 64 59 
309 26 68 56 69 
310 72 33 16 65 
311 15 33 71 65 
312 73 55 28 50 
313 41 70 24 66 
314 23 41 66 47 
315 27 50 79 73 
316 77 31 74 59 
317 57 13 63 35 
318 26 68 49 56 
319 39 2 71 54 
320 40 72 4 63 
321 1 79 53 37 
322 38 64 3 77 
323 5 45 55 80 
324 48 61 8 70 
325 46 78 7 62 
326 47 6 56 69 
327 33 15 16 65 
328 73 27 50 28 
329 24 23 41 66 
330 25 26 68 49 
331 75 20 19 42 
332 12 76 11 34 
333 32 74 31 59 
334 13 57 14 35 
335 58 22 43 21 
336 18 51 44 17 
337 36 10 9 52 
338 29 30 60 67 
339 45 18 5 55 
340 9 2 39 54 
341 70 61 8 30 
342 10 1 53 37 
343 72 29 4 63 
344 56 17 6 47 
345 78 7 20 46 
346 32 7 78 62 
347 3 38 77 12 
348 79 1 11 37 
349 80 5 45 19 
350 77 64 3 31 
351 62 7 46 22 
352 61 8 21 48 
353 64 3 14 38 
354 63 4 40 13 
355 55 28 5 80 
356 72 4 16 40 
357 39 71 2 15 
358 8 48 70 24 
359 23 6 47 69 
360 2 71 54 25 
361 56 6 26 69 
362 53 79 1 27 
363 42 78 20 46 
364 42 20 78 75 
365 77 34 12 38 
366 12 34 77 76 
367 38 57 14 64 
368 38 14 57 35 
369 58 46 22 62 
370 58 22 46 43 
371 71 49 25 68 
372 25 49 71 54 
373 74 62 32 78 
374 32 62 74 59 
375 59 77 81 74 
376 59 81 77 64 
377 80 42 19 45 
378 19 42 80 75 
379 34 79 11 37 
380 34 11 79 76 
381 35 63 81 40 
382 35 81 63 57 
383 58 48 21 43 
384 21 48 58 61 
$EndElements
